V 54
K 1
D 0 0 2032000 0
Y 1
U 1651000 635000 254000 0 2 3 REFDES=L?
U 1651000 381000 254000 0 2 3 DEVICE=BMRA000606303R3MA1
U 1651000 127000 254000 0 2 0 PKG_TYPE=BMRA000606303R3MA1
U 1651000 -127000 254000 0 2 0 Description=3.3 H Shielded Molded Inductor 6 A 35mOhm Max Nonstandard
U 1651000 -381000 254000 0 2 0 Datasheet Link=https://productfinder.pulseelectronics.com/api/open/part-attachments/datasheet/bmra000606303r3ma1
U 1651000 -635000 254000 0 2 0 Height=3
U 1651000 -889000 254000 0 2 0 Mouser Part Number=603-BMRA0606303R3MA1
U 1651000 -1143000 254000 0 2 0 Mouser Price/Stock=https://www.mouser.co.uk/ProductDetail/Pulse-Electronics/BMRA000606303R3MA1?qs=DRkmTr78QAS9Fi6ntzHpYA%3D%3D
U 1651000 -1397000 254000 0 2 0 Manufacturer_Name=Yageo Group
U 1651000 -1651000 254000 0 2 0 Manufacturer_Part_Number=BMRA000606303R3MA1
U 0 0 254000 0 1 0 FORWARD_PCB=1
a 508000 0 635000 121920 762000 0
a 762000 0 889000 121920 1016000 0
a 1016000 0 1143000 121920 1270000 0
a 1270000 0 1397000 121920 1524000 0
P 1 0 0 508000 0 0 2 0
L 0 -25400 228600 0 1 0 3 0 1
A 0 25400 203200 0 3 3 #=1
A 0 0 9 0 3 0 PINTYPE=BI
P 2 2032000 0 1524000 0 0 3 0
L 2032000 -25400 228600 0 7 0 3 0 2
A 2032000 25400 203200 0 9 3 #=2
A 0 0 9 0 3 0 PINTYPE=BI
E
